85
2 5 11 8 46949
9 10 11 7 8868
13 3 8 4 16907
1 13 11 4 3509
2 10 12 3 59511
8 11 13 1 15440
10 4 9 11 28351
4 5 3 2 53051
13 11 4 6 9221
4 5 13 6 48338
5 9 4 10 59569
9 13 6 8 16128
1 12 5 2 7472
3 10 12 5 24164
13 11 6 4 38347
12 8 13 7 34257
7 3 12 11 3663
1 4 7 10 25205
10 9 13 2 12254
4 9 1 13 31600
5 7 2 6 19930
13 5 9 11 4809
13 8 3 10 59201
12 11 2 9 42661
11 13 9 4 56031
6 11 9 13 24157
2 6 5 1 33474
13 2 6 3 27549
9 10 6 11 35949
11 4 9 5 48585
1 4 10 9 28369
2 4 7 12 32032
3 5 13 4 41236
11 7 4 8 15940
8 9 1 3 449
6 10 13 12 55538
4 6 5 3 9460
6 7 11 4 27361
4 10 3 5 34132
1 6 11 3 52391
8 7 10 13 13336
13 10 11 3 4605
7 1 13 9 46831
1 4 2 11 42658
2 9 6 12 41222
1 11 12 9 29729
6 9 11 2 32536
5 2 4 3 41993
6 9 13 1 22782
12 3 5 2 19023
6 2 5 12 34744
8 7 13 3 35445
6 11 4 12 10757
10 9 8 11 10596
8 3 2 10 53917
3 7 13 4 19921
12 4 9 7 5148
2 11 13 7 14093
3 6 11 1 13158
7 10 3 8 32518
2 12 6 7 1237
2 11 4 8 38607
6 12 9 11 11602
12 5 7 2 47701
7 8 5 2 13941
2 6 4 8 34973
13 11 12 9 6332
3 2 6 11 23154
5 3 12 8 3886
1 8 2 11 1913
3 2 8 11 58302
5 8 1 11 4137
4 1 2 11 20564
6 13 3 8 18083
13 9 12 8 38995
11 7 6 8 26241
5 3 11 10 20943
11 6 10 7 56698
7 2 4 5 42051
2 8 6 13 56090
8 5 9 3 7883
12 10 6 5 22336
5 6 10 2 50477
3 2 6 8 5188
5 10 3 4 36470
84
2 10 7 8 19371
4 6 11 3 9782
13 2 4 10 16448
10 7 11 3 52940
11 8 1 12 39329
13 3 7 1 42591
2 9 7 1 924
2 6 7 3 38939
8 7 5 10 51710
10 3 11 5 4065
7 11 13 5 528
11 5 3 12 3371
10 5 12 8 25997
12 5 13 2 27312
13 1 10 2 40592
8 7 2 6 51683
10 13 8 4 33412
13 5 7 8 13814
5 12 11 7 22634
8 3 6 12 47636
9 4 3 12 43989
5 7 3 8 32267
10 2 9 1 57644
10 11 6 9 46405
3 7 9 12 1035
5 10 12 9 18966
7 9 11 5 23704
5 12 3 6 21923
2 1 6 12 47372
7 6 3 10 29296
13 1 12 8 44182
10 2 8 3 1336
3 8 6 5 5865
3 12 2 6 26649
5 13 10 2 50470
13 5 9 4 53751
11 2 5 6 19305
12 1 8 7 1255
1 8 6 10 41289
8 1 6 11 36449
3 7 10 13 13223
2 13 6 5 27280
7 5 8 10 58793
1 12 6 9 17528
5 7 9 4 24410
9 2 4 8 27628
8 1 11 9 40262
8 9 3 7 30993
11 3 13 6 57156
1 10 13 6 15022
9 8 6 11 39992
12 3 5 1 54768
8 4 2 9 33980
3 4 8 9 53517
5 3 7 13 49949
11 3 9 2 57249
4 5 12 1 56233
2 5 4 7 22640
10 9 1 13 9277
4 9 3 11 29560
7 2 8 4 55464
8 5 1 7 8792
12 11 10 9 12203
8 11 6 10 20362
8 5 4 7 52135
12 7 5 9 10147
11 8 9 6 40529
10 6 13 11 50668
2 12 13 3 27573
5 4 12 7 1932
12 5 11 13 923
10 9 5 12 56542
8 10 11 2 23125
7 2 10 13 50834
5 8 10 11 8929
1 13 7 8 39076
11 3 6 4 47587
2 6 8 10 11340
2 7 1 10 24234
3 5 6 1 44455
7 3 11 2 6216
13 6 2 5 10742
2 7 8 3 23331
9 3 2 13 54602
20
11 13 7 12 34291
8 9 11 10 52657
9 4 12 2 16290
2 12 10 3 514
12 11 3 13 31497
5 2 10 8 53795
2 5 9 8 43709
13 10 5 11 30401
3 6 12 5 47184
11 7 12 5 14362
5 2 7 10 730
11 4 12 2 29987
6 11 9 8 4083
5 3 12 13 41268
7 10 12 3 19796
6 7 9 12 59542
7 8 2 3 14141
11 8 10 9 28804
8 10 1 9 13224
11 9 1 5 31401
69
13 7 10 9 12713
5 12 7 6 49210
2 10 13 12 51904
12 8 3 4 15131
13 5 8 11 18186
9 5 10 6 47929
10 3 2 9 44801
2 10 9 13 13837
7 2 6 11 31644
11 3 7 8 26044
3 4 11 9 45614
11 6 8 3 2933
12 5 7 9 21286
6 8 12 13 49171
6 4 10 5 53828
13 8 3 2 28134
8 4 12 10 37311
9 8 10 13 7458
4 12 5 13 33806
1 11 6 2 24489
9 13 3 11 58422
8 7 3 6 56975
9 8 1 12 24025
8 13 6 4 55507
5 3 9 4 24233
12 3 5 8 8631
3 10 9 5 11751
6 8 5 1 50344
4 11 13 2 44862
7 2 4 8 47188
6 4 11 13 49236
10 5 6 13 57469
13 11 8 3 45837
2 9 11 7 36398
13 2 12 9 48084
5 2 10 4 42879
4 11 8 10 14368
3 13 8 4 37159
3 6 13 4 18459
2 6 8 11 10410
7 3 10 1 11976
3 1 13 4 14749
12 7 2 13 30375
9 13 12 11 37738
2 6 11 3 36499
10 5 11 3 12448
1 12 5 7 43877
12 9 4 5 3458
9 10 4 8 45915
3 12 7 5 8338
12 8 9 2 20419
4 12 9 11 58026
10 5 12 1 129
4 9 5 12 4022
2 1 3 13 1108
1 8 5 13 29521
4 13 8 2 41799
6 2 5 4 3696
4 5 9 6 5475
1 12 2 3 4159
9 3 8 6 29222
5 1 2 9 26146
3 9 12 5 36046
4 2 11 12 39141
3 9 12 4 16818
8 3 2 4 5862
9 4 6 13 29912
5 7 8 6 37920
2 1 12 13 10704
14
2 9 5 7 11639
7 3 10 4 56557
6 8 12 2 47805
6 1 5 4 19117
4 9 10 12 12026
2 13 11 12 25861
12 4 9 5 13964
3 11 6 10 56518
5 2 11 1 37725
3 2 1 11 18214
10 7 5 13 32632
2 1 7 10 18212
11 4 5 8 57224
8 11 10 6 48809
12
1 3 7 5 20983
12 7 11 13 41952
12 8 11 3 1808
8 1 3 6 9471
8 2 12 3 28279
12 7 8 13 14777
4 11 5 2 38642
12 9 4 5 7334
7 9 12 6 3640
13 10 9 7 8860
9 8 4 7 15248
4 8 12 1 5097
0
